1
$SUBTITLE=                                                                     2
$LABEL   =                                                                     3
$DISPLACEMENTS                                                                 4
$REAL OUTPUT                                                                   5
$SUBCASE ID =           1                                                      6
   9000001       G     -7.769666E-04      1.720118E-01     -8.145753E-01       7
-CONT-                  5.470997E-04     -1.924646E-04      7.303803E-05       8
   9000002       G      9.116867E-04      1.538508E-01      8.141227E-01       9
-CONT-                  5.150361E-04      1.562671E-04      8.427641E-05      10
  90000003       G      0.000000E+00      7.117421E-05      0.000000E+00      11
-CONT-                  6.776733E-04     -5.948910E-04     -2.789707E-05      12
  90000004       G      0.000000E+00      0.000000E+00      0.000000E+00      13
-CONT-                  7.096634E-04      6.013878E-04     -3.017281E-05      14
